version: 3.245454457843
3332998458549249013, 1406074124320641108
4923749034613743380,
6213609210568058205,
874251760910732955, 11/24/25
4911727546976564201, 1105546993637531699
6544311106990425275, 1080090721727549540
16699084166780310072, 1418236889361682555
4910693941553527133, 1028753595270713496
3332998458549249013, 1406074124320641108
13294894047405057901, 11/27/2025
7351357153883870674, 11/04/2025
1204693606646585708, 11/04/2025
4920585675949512865, 11/05/2025
4925019071013261378,
7497584143829381870, 12/01/2025
3962068134693616157,
4915991288609796711, 1122346849546797128, 12/03/2025
4913558925917702796, 935317639767683144, 12/04/2025



                       







   
   
Signature: 86cf6daf
